12
A,-6.922098759206205,107.60402119627975
B,-6.920801038813799,107.604147410824
C,-6.923162138646535,107.60395758620203
D,-6.923848037422382,107.60384603986122
E,-6.92403099543224,107.60454049698961
F,-6.923186403129165,107.60463923573735
G,-6.922168612659663,107.60474039830164
H,-6.922416146338085,107.60642037614292
I,-6.92341726980283,107.60625409980602
J,-6.924169895397717,107.60619834337999
K,-6.924375906493502,107.6072841350452
L,-6.922595677102735,107.60763242426096
0 1 1 0 0 0 1 0 0 0 0 0
1 0 0 0 0 0 0 0 0 0 0 0
1 0 0 1 0 1 0 0 0 0 0 0
0 0 1 0 1 0 0 0 0 0 0 0
0 0 0 1 0 1 0 0 0 1 0 0
0 0 1 0 1 0 1 0 1 0 0 0
1 0 0 0 0 1 0 1 0 0 0 0
0 0 0 0 0 0 1 0 1 0 0 1
0 0 0 0 0 1 0 1 0 1 0 0
0 0 0 0 1 0 0 0 1 0 1 0
0 0 0 0 0 0 0 0 0 1 0 0
0 0 0 0 0 0 0 1 0 0 0 0

