13
A,-6.9369528930864695,107.6227027125176
B,-6.940509502150888,107.62617359974969
C,-6.944495295355915,107.62994296686405
D,-6.934667117938652,107.62506666578497
E,-6.947866996911632,107.63324989383115
F,-6.944840928614723,107.6295228651066
G,-6.943890054093234,107.62864464873284
H,-6.9441497272735795,107.62837981891494
I,-6.944915406765039,107.62910514163529
J,-6.944665128947154,107.62934385823762
K,-6.944414872153143,107.62812941413942
L,-6.94485708142778,107.62848768847729
M,-6.945311470471245,107.62800057475017
0 1 0 1 0 0 0 0 0 0 0 0 0
1 0 1 0 0 0 0 0 0 0 0 0 0
0 1 0 0 1 1 0 0 0 0 0 0 0
1 0 0 0 0 0 0 0 0 0 0 0 0
0 0 1 0 0 0 0 0 0 0 0 0 0
0 0 1 0 0 0 0 0 0 1 0 0 0
0 0 0 0 0 0 0 1 0 1 0 0 0
0 0 0 0 0 0 1 0 1 0 1 0 0
0 0 0 0 0 0 0 1 0 1 0 0 0
0 0 0 0 0 1 1 0 1 0 0 0 0
0 0 0 0 0 0 0 1 0 0 1 1 0
0 0 0 0 0 0 0 0 0 0 1 0 1
0 0 0 0 0 0 0 0 0 0 0 1 0