10
mcd,-6.884973146305336,107.6134443283081
sabuga,-6.88625797794717,107.6078338176012
masjid salman,-6.893662002104935,107.61126905679703
santo borromeus,-6.893994854278154,107.6136776804924
labtek V,-6.890567797116448,107.6101103425026
Tamfest,-6.887580086045596,107.60875850915909
saraga swimming pool,-6.88623268077744,107.61067360639572
BNI Tamansari,-6.894309066515138,107.60873302817345
Bonbin,-6.890285536447924,107.60683804750443
Perpustakaan ITB,-6.888205855965436,107.61073529720306
0 0 0 1 0 0 1 0 1 1
0 0 0 1 0 0 1 1 0 1
0 0 0 1 0 1 0 1 1 1
1 1 1 0 0 1 1 0 1 0
0 0 0 0 0 1 0 1 1 1
0 0 1 1 1 0 1 0 1 0
1 1 0 1 0 1 0 0 1 0
0 1 1 0 1 0 0 0 0 1
1 0 1 1 1 1 1 0 0 0
1 1 1 0 1 0 0 1 0 0
