14
A,-2.9803734917493045,104.75672319353404
B,-2.9788462497983574,104.75892672567176
C,-2.9775991001469677,104.7584451263536
D,-2.977271240949234,104.7593979138422
E,-2.9784605343720503,104.75983571719992
F,-2.9782869619381502,104.76033360210506
G,-2.9819721937568,104.75863361219454
H,-2.9813357637663827,104.75959498294843
I,-2.9804912676867543,104.76119364649877
J,-2.9779926846319946,104.76099415706004
K,-2.9771676796351474,104.75977971966459
L,-2.9762826735178964,104.7591339105803
M,-2.97642410347436,104.75803534481075
N,-2.9756569548379765,104.75791310312262"
0 1 0 0 0 0 1 0 0 0 0 0 0 0
1 0 1 0 1 0 0 0 0 0 0 0 0 0
0 1 0 1 0 0 0 0 0 0 0 0 1 0
0 0 1 0 0 0 0 0 0 0 1 1 0 0
0 1 0 0 0 1 0 0 0 0 0 0 0 0
0 0 0 0 1 0 0 0 1 1 1 0 0 0
1 0 0 0 0 0 0 1 0 0 0 0 0 0
0 0 0 0 0 0 1 0 0 0 0 0 0 0
0 0 0 0 0 1 0 0 0 0 0 0 0 0
0 0 0 0 0 1 0 0 0 0 0 0 0 0
0 0 0 1 0 1 0 0 0 0 0 0 0 0
0 0 0 1 0 0 0 0 0 0 0 0 1 0
0 0 1 0 0 0 0 0 0 0 0 1 0 1
0 0 0 0 0 0 0 0 0 0 0 0 1 0